100
99.9968
100.697
102.131
103.896
105.938
108.154
110.555
113.161
115.925
118.81
121.845
124.982
128.376
131.907
135.7
139.771
144.117
148.634
153.425
158.386
163.692
169.228
175.069
181.252
187.854
194.722
202.138
209.78
218.097
226.944
236.489
246.634
257.662
269.242
281.659
294.746
309.114
324.162
340.293
357.945
376.846
397.168
418.603
440.848
464.147
488.795
514.963
542.235
571.431
601.214
633.505
667.041
701.497
739.777
778.849
821.682
865.313
915.421
963.077
1015.02
1069.66
1130.81
1194.39
1263.35
1337.33
1416.39
1506.09
1594.43
1694.99
1801.73
1911.27
2039.06
2176.41
2331.35
2479.33
2653.64
2844.65
3051.74
3288.46
3516.39
3768.97
4055.1
4360.58
4625.42
4974.04
5297.82
5689.63
6097.66
6554.37
7057.96
7616.19
8245.05
8919.58
9673.83
10488.1
11465.5
12503.7
13418.8
14664.7
15823.8
17408.5
18914.1
20706.6
22412.5
24353.9
26794.1
29023.4
32068.5
34682.8
38286.6
42145.9
46802.9
51751.1
57247.4
63663.9
68619.4
76330.9
82488.9
91367.9
98066.6
109900
121587
134016
148716
162687
182092
198384
223004
246190
268597
302348
342383
385810
431288
473256
540695
607183
692270
779123
873341
986357
1.11287e+06
1.26024e+06
1.37072e+06
1.55475e+06
1.68918e+06
1.91028e+06
2.0933e+06
2.26743e+06
2.22644e+06
2.51945e+06
2.76572e+06
3.08468e+06
3.23588e+06
3.63102e+06
3.81871e+06
4.28248e+06
4.83221e+06
5.27983e+06
5.85903e+06
6.48461e+06
7.04145e+06
7.7571e+06
8.17045e+06
9.14427e+06
9.97992e+06
1.11396e+07
1.27279e+07
1.44111e+07
1.63441e+07
1.82473e+07
2.00859e+07
2.17145e+07
2.39555e+07
2.62041e+07
2.67506e+07
2.93409e+07
3.00347e+07
3.2769e+07
